          x0                      d*  Iterations           p                Scipy d*            |d* - Scipy|
-------------------------------------------------------------------------------------------------------------
     7.0000mm       0.019131407149326           3    2.332896       0.019131407149309                1.71e-14
    64.7500mm       0.019131407149309           4    2.322647       0.019131407149309                2.08e-17
   122.5000mm       0.019131407149309           5    2.086488       0.019131407149309                1.04e-17
   180.2500mm       0.019131407151042           5    1.850623       0.019131407149309                1.73e-12
   238.0000mm       0.019131407149309           6    1.548516       0.019131407149309                3.82e-17
   295.7500mm       0.019131407149309           6    1.058250       0.019131407149309                1.39e-17
   353.5000mm       0.831392740792126           5    0.917235       0.831392740793675                1.55e-12
   411.2500mm       0.831392740793626           7    1.350690       0.831392740793672                4.63e-14
   469.0000mm       0.831392740793675           7    1.635620       0.831392740793675                1.11e-16
   526.7500mm       0.831392740791717           6    1.774351       0.831392740793675                1.96e-12
   584.5000mm       0.831392740793675           6    1.856506       0.831392740793667                8.22e-15
   642.2500mm       0.831392740791158           5    1.911815       0.831392740793675                2.52e-12
   700.0000mm       0.831392740793675           5    1.951238       0.831392740793675                0.00e+00
