Newton's Method for Nonlinear System (d, D_s)
================================================================================

Initial Guess:
d_0 = 0.015
D_s0 = 0.8

Final solution:
  d*   =  1.18869446e-02 m
  D_s* =  6.84475586e-01 m
  ||F(x*)||_2 =  3.198e-09
  Iterations  = 23

Jacobian at x*:
  det(J(x*))  = -3.44031900e+10
  cond(J(x*)) =  1.656e+04

Per-iteration data:
   k      d_k [mm]    D_s,k [mm]        ||F(x_k)||_2      ||x_k - x*||_2      det(J_k)     cond(J_k)           p_k
------------------------------------------------------------------------------------------------------------------------
   0  1.500000e+01  8.000000e+02      5.58732501e+05      1.15566350e-01   -1.2003e+12     1.231e+06             -
   1  1.451215e+01  7.774191e+02      2.41670069e+05      9.29805713e-02   -4.1596e+11     3.672e+05      0.262897
   2  1.388394e+01  7.722670e+02      9.65862053e+04      8.78141296e-02   -1.4613e+11     1.297e+05      2.901072
   3  1.314566e+01  7.588588e+02      3.38316968e+04      7.43938660e-02   -6.3363e+10     5.327e+04      2.157826
   4  1.247915e+01  7.364856e+02      8.77327269e+03      5.20133509e-02   -3.8402e+10     2.812e+04      1.984354
   5  1.208578e+01  7.100431e+02      1.28077228e+03      2.55683086e-02   -3.3258e+10     1.991e+04      1.531381
   6  1.194258e+01  6.930934e+02      1.09162252e+02      8.61795814e-03   -3.3658e+10     1.747e+04      1.142165
   7  1.190221e+01  6.869642e+02      9.17536055e+00      2.48864323e-03   -3.4160e+10     1.680e+04      1.023955
   8  1.189116e+01  6.851732e+02      1.00172096e+00      6.97587461e-04   -3.4333e+10     1.662e+04      1.006337
   9  1.188811e+01  6.846696e+02      2.08936633e-01      1.93969995e-04   -3.4383e+10     1.658e+04      1.001770
  10  1.188727e+01  6.845294e+02      5.62105801e-02      5.38129237e-05   -3.4398e+10     1.656e+04      1.000495
  11  1.188703e+01  6.844905e+02      1.55480745e-02      1.49197955e-05   -3.4402e+10     1.656e+04      1.000138
  12  1.188697e+01  6.844797e+02      4.30933832e-03      4.13582602e-06   -3.4403e+10     1.656e+04      1.000039
  13  1.188695e+01  6.844767e+02      1.19450353e-03      1.14640944e-06   -3.4403e+10     1.656e+04      1.000015
  14  1.188695e+01  6.844759e+02      3.31101187e-04      3.17767263e-07   -3.4403e+10     1.656e+04      1.000017
  15  1.188695e+01  6.844757e+02      9.17765805e-05      8.80783172e-08   -3.4403e+10     1.656e+04      1.000052
  16  1.188694e+01  6.844756e+02      2.54391336e-05      2.44118045e-08   -3.4403e+10     1.656e+04      1.000185
  17  1.188694e+01  6.844756e+02      7.05135466e-06      6.76437517e-09   -3.4403e+10     1.656e+04      1.000667
  18  1.188694e+01  6.844756e+02      1.95453191e-06      1.87276678e-09   -3.4403e+10     1.656e+04      1.002413
  19  1.188694e+01  6.844756e+02      5.41767464e-07      5.16884874e-10   -3.4403e+10     1.656e+04      1.008796
  20  1.188694e+01  6.844756e+02      1.50169740e-07      1.41054272e-10   -3.4403e+10     1.656e+04      1.032962
  21  1.188694e+01  6.844756e+02      4.16249602e-08      3.68797212e-11   -3.4403e+10     1.656e+04      1.138833
  22  1.188694e+01  6.844756e+02      1.15377952e-08      8.00396433e-12   -3.4403e+10     1.656e+04             -
  23  1.188694e+01  6.844756e+02      3.19796218e-09      0.00000000e+00   -3.4403e+10     1.656e+04             -
